version https://git-lfs.github.com/spec/v1
oid sha256:656a8010542f20d3ee70a4211b4788537304bfb56afe2d1d768806298b34cca5
size 62589
